491000
0097F0
0099W0
0013V0
0101C0
0099X0
476830
478340
0007C0
0088D0
0098T0
464490
466690
0105P0
261520
0015S0
950250
0054V0
0009K0
0096D0
0096B0
0093G0
0015N0
0091W0
0068Y0
488900
388210
403850
0015G0
459550
061090
494120
469610
486990
014950
0072Z0
0071M0
488280
342870
318060
397810
0044K0
0010V0
125490
0008Z0
484590
0041B0
456160
309710
0041L0
468530
475230
380550
484120
0004Y0
0041J0
331740
462310
234030
0037T0
463020
388610
455180
340450
474650
475430
496070
287840
489460
424870
188040
125020
376900
476040
136150
459510
364950
081180
448900
481070
101970
462860
444530
484810
098070
498390
460870
226590
393970
435570
489500
479960
463480
303810
475830
240550
212710
462980
452450
482630
373160
450950
096250
475460
493790
478560
432980
387570
177900
487360
176750
487720
398120
476060
382150
457600
471820
492220
489480
489730
489210
482690
459100
389680
474610
466410
484130
475660
413390
487830
394800
464580
473980
163280
475960
376270
475580
336680
458650
488060
466100
044990
289930
475400
457370
474170
209640
465480
308430
381620
351870
486630
464500
482680
469750
461300
456070
476080
478780
464280
389650
431190
088340
482520
199480
460470
460940
481890
473950
373110
478110
450330
462350
295310
160190
479880
464080
478440
477340
107640
478390
477470
458870
477760
462510
453450
323350
477380
145170
456010
473000
126730
452200
140430
347850
474490
412540
451250
475250
474930
474660
461030
475240
455900
420570
437730
036220
199430
473370
469900
472230
473050
468760
418620
360350
068100
452430
443670
415380
472220
472850
469480
199550
452400
105760
460930
440290
362990
471050
457550
452190
467930
469880
109670
439580
417200
432470
465320
338840
355690
466910
453860
402490
452160
452280
448280
352090
452300
365330
445090
464440
446540
413640
451760
372320
088280
464680
188260
290560
240600
221800
432720
396470
246250
416180
445180
462020
451220
443250
452980
430690
418470
450520
403490
384470
452670
146060
455310
457630
444920
355390
458610
418250
424960
210120
457940
448710
445680
440110
373170
429270
172670
450940
388870
438700
406820
455910
432430
321370
378340
456490
274400
354320
440320
232830
454640
455250
451700
450050
303360
348080
439090
405920
285800
420770
271830
434480
340810
446840
417790
304360
298830
393210
424980
318160
448830
448760
358570
309960
446150
356680
282720
418420
389020
417010
199730
344860
127980
418550
411080
407400
408900
419050
417860
254490
425040
198940
380540
162300
417180
419530
168360
389470
419080
084440
204610
425420
372170
383930
348340
417500
405100
417840
419120
405000
291810
378800
419540
360070
389500
368970
417970
296640
441270
067370
393890
314140
394280
129920
148930
107600
368600
365340
397030
424760
328130
403870
112290
402030
396270
412350
310210
377460
148780
382900
362320
399720
389260
389140
388050
413630
396300
366030
388720
288980
408920
376930
146320
371950
330730
365900
370090
251120
211050
137080
136410
276040
377330
179530
102370
353590
200350
199800
377480
361570
222160
290090
372800
311320
357880
376300
389030
376180
348370
377450
382800
114840
261780
382480
391710
376290
159010
382840
257720
260970
377220
099430
273640
203400
388790
308080
099390
315640
058970
367000
376980
195940
270660
377030
365270
352910
357580
303530
232680
187660
383310
363250
276730
361670
252990
352480
357230
294570
351330
059270
333620
289220
361390
347700
314930
950220
356890
334970
247660
338220
373200
340930
189330
322310
239890
363260
262840
277810
321820
163730
348030
352700
086710
236810
368770
369370
357550
314130
335810
347860
365590
064850
356860
352940
354200
317690
352770
318020
129890
265740
199820
299030
340570
348150
330860
290690
348350
347000
301300
214610
304840
348210
053080
126340
359090
323990
318410
355150
347770
291650
294090
293490
347740
332370
331920
950190
337930
060850
032300
357780
332570
101360
347890
298540
225220
304100
277880
262260
950200
290520
330350
169330
229000
297890
351320
298060
353190
353810
223250
198080
237820
092190
204270
274090
294140
294630
065370
340440
311690
062970
327260
339950
288330
340360
235980
336570
226330
322510
124560
335870
302550
336060
278650
321550
297090
103840
190650
306040
216080
214260
084850
333430
279600
322180
333050
331520
317530
272110
317870
318010
300120
158430
234690
332290
331380
244460
317120
320000
256150
311390
195500
328380
286750
317830
228670
186230
282880
317330
318000
317770
148150
313760
317850
241840
300080
234340
289010
251970
312610
323280
293780
308100
305090
322780
321260
253840
307930
319660
319400
317240
125210
228760
099750
100790
247540
299660
278280
246960
104620
053580
238200
263050
290550
307180
310200
310870
299900
309930
307750
298380
100590
110020
270870
307870
302430
290120
128540
307280
900340
111710
179290
117730
290660
246710
263690
217330
027360
208340
263020
227100
194700
290670
285490
290650
306620
108490
153710
288620
293580
290720
110790
299170
219750
291230
257370
197140
303030
290740
173130
089970
086820
110990
275630
290270
080720
204020
297570
226950
175250
289080
245620
284620
037030
016790
258830
122310
950170
253590
263700
277070
226400
183490
006620
154030
260660
042000
219420
267790
255220
264660
269620
187870
281740
260930
241770
234300
066360
007680
253450
950160
265560
234100
263810
255440
277410
263920
243840
179900
171090
259630
174900
263750
256940
263600
270520
258610
140670
900310
273060
118990
263800
263860
263720
238490
251630
227610
272290
003380
261200
267320
250000
267980
225190
264850
161580
256630
166090
258790
251370
265520
263770
063760
264450
178320
183300
246720
217480
002800
083500
087260
241820
140070
206650
256840
241520
246690
147760
196300
203450
215600
254120
241790
220100
144960
156100
220180
237880
900300
238120
252500
216050
239610
241710
900290
189300
072990
950140
238090
050960
201490
250930
241690
250060
242040
234920
900270
230360
208860
073560
123010
174880
142760
237750
900260
237690
144510
148250
239340
243070
240810
228850
228340
222110
211270
230980
115180
065660
236200
142210
900250
224060
109610
223310
232140
191410
145020
222980
206560
013310
047920
217730
133750
225530
140860
230240
122640
222040
058110
217820
221840
180400
221980
212560
227950
214370
185490
190510
056090
226340
182400
226360
092870
225430
225590
225570
217190
219130
175140
222080
224110
196700
131760
222810
222800
189980
222420
094360
127710
214430
067730
220260
214450
219550
087010
218410
094170
178780
214180
166480
177350
217270
218150
160980
217500
087600
217620
187420
215380
215480
215790
215360
215200
215090
215100
214680
195990
215000
214150
214270
189690
213420
060480
193250
206640
204630
208640
200470
200670
189860
067390
080580
208350
208710
160550
124500
142280
187220
208370
208140
149980
084650
200710
200780
207760
196170
206400
140520
173940
205470
200230
204840
204620
196490
205500
205100
191420
192440
143540
203650
041920
194480
203690
192410
198440
187270
177830
090410
004650
192390
059120
200130
105550
196450
071850
187790
192250
138080
053300
154040
090850
184230
049080
150840
085810
170030
067570
134580
182360
171120
171010
138360
076610
168330
131970
150900
170920
119850
092040
130500
170790
151860
089600
950130
141080
097800
104540
159580
114810
153490
099190
159910
046970
113810
155650
149950
121850
153460
106520
137400
141000
072950
143240
147830
091590
140410
104830
127120
130580
131090
100660
115480
139670
121800
138070
123570
122870
089030
101240
007820
115530
090360
131220
143160
137950
040910
123330
139050
089980
138610
109080
108380
019770
137940
131100
122450
121440
136540
136480
134060
104480
008470
121600
093320
130740
061970
131180
126880
033560
048530
131370
064290
131290
131400
120240
128660
131030
096690
033830
033170
041460
126600
105740
123420
111870
123860
058400
069140
119830
101930
068940
123840
117670
119500
068240
096530
122990
126700
126640
123410
123040
067920
119610
106190
121890
123750
089850
046120
070300
079970
071200
122690
100030
900110
900100
115500
900120
115450
122350
115610
115310
106080
101330
115570
115440
050860
114630
080530
900070
099520
114450
104460
112040
108860
088290
114190
115160
109960
099410
101000
109820
082920
042520
104200
052860
105330
109740
095700
108230
100130
103230
063080
109860
102120
101730
102710
099440
099220
101680
010240
101170
081150
098660
071670
101490
100120
102940
101400
106240
086890
104040
078070
086900
058630
059100
067630
092130
100700
098120
083470
101390
076080
101670
094840
063170
047560
096240
101160
099320
064480
098460
067000
018620
095610
053280
096870
059210
097870
091440
097780
096630
068330
093920
067010
096350
069920
096610
092070
094820
086670
095190
092300
093640
095910
081580
073110
094970
080520
095340
085910
095500
027580
086040
057540
094940
095270
093190
091340
072770
094480
086520
065150
078340
095660
092600
069410
093380
086450
064820
091580
092460
073540
091120
094850
094860
078020
093520
091970
092730
039200
089010
090470
088130
084110
089150
091700
086390
090710
060540
066310
067280
089890
080470
089140
089790
090150
088390
089230
043150
086960
038060
083660
063570
086980
068050
039290
078860
088910
054950
084730
086060
022220
088800
068760
083450
019990
079370
085670
084370
083790
064550
084990
083640
085660
078140
067900
083550
084180
080420
083650
079190
082800
043910
079000
041020
078590
038070
079940
077360
083930
067310
083310
082660
080010
078160
082850
080160
078890
050890
082210
082270
075130
073490
079950
079960
080220
079170
079810
052220
079650
052900
066910
049950
052460
072870
073010
046440
078600
054450
078150
067990
051360
078130
068790
048870
065350
039340
064260
011080
050090
057030
065770
074430
066700
066900
078350
075970
069540
073190
054090
041910
067770
070590
073570
073640
065680
057880
067160
060570
066410
074600
071280
069510
067170
054780
041440
072020
065510
072470
068930
069330
064760
052710
065950
047310
041520
064240
066790
069080
067080
066590
067290
066130
065450
065130
065440
049630
021650
051370
065570
065650
066980
016100
042040
066670
066430
047820
064090
049960
053290
064520
035600
065170
041590
042600
065500
060900
066620
052770
065420
064800
039980
048410
058610
045340
065710
065690
060560
043710
036010
060280
060230
046940
057680
060150
065530
063440
051160
065060
049180
060720
061040
050760
054210
050120
054410
060310
061250
053980
054050
039420
039440
049550
054670
060590
049070
060370
051380
053270
034950
060260
060380
046310
049720
052670
046890
013990
058450
059090
054930
035200
054040
048470
042500
040350
054300
047080
060250
056730
053260
060240
041930
054220
014940
043590
058470
045300
056190
056700
054940
043370
054620
056360
043260
051390
054540
053350
054630
056080
044490
053950
053700
054920
041960
053160
052400
054180
043090
049470
053050
054800
047770
053800
040300
058820
035900
021320
053060
053610
052790
053450
053030
052420
053620
052300
049520
048910
051980
051500
049120
043360
052330
052600
052020
043220
051780
033790
051490
038870
045660
045390
050110
052260
036540
038500
024850
048550
049830
048770
049430
044480
046390
014620
048430
017480
049480
042510
036670
039830
036190
046070
041830
014570
045520
044180
044960
032080
010470
044340
042940
048830
000250
044780
045510
045100
040160
043340
043650
037950
039030
038540
018680
046210
039860
045060
043100
042370
045970
040420
007370
043610
036890
039010
009300
043200
042110
039740
039840
042420
039560
038460
032820
001540
039310
041190
038530
036640
031330
038620
039020
038950
036800
040610
038880
038680
041510
010280
037760
036480
038110
032500
039610
039240
038290
037440
038390
036830
036810
036690
037370
036620
037350
038010
001810
036630
036710
037070
036560
016250
035890
036930
036030
032190
005290
003100
036170
026040
036180
037230
037460
037400
033640
037330
036090
036200
024800
027050
035290
036120
027040
027830
036000
035760
035810
035460
035620
035610
020710
012790
034940
033230
035080
005160
005990
034810
025770
033540
033500
030350
033160
033310
033320
009520
013810
033340
033290
033200
015710
033100
033050
033130
032980
019210
026150
031310
032960
032680
032940
008290
032750
032860
032850
032790
032800
032620
032580
032540
028080
032280
012340
031510
031860
031980
011560
024740
030960
030530
030520
021880
029480
021040
028300
027710
023600
018310
003800
014190
012700
018000
025980
026910
017250
015750
020180
006730
025950
025900
025870
025880
002680
025550
025440
025320
024940
024950
014100
024840
024910
004780
013120
024830
024880
024120
017000
024060
023910
001840
023900
017650
010170
023790
023770
023760
005860
012860
006050
023410
023440
006910
018290
023160
007530
001000
012620
011370
018700
014470
007720
013720
011320
018120
009620
005670
007330
006140
019010
009780
020400
005710
016600
004590
016670
000440
014970
011040
008370
007390
002290
019540
007770
017890
003310
019660
017510
021080
008830
002230
009730
016920
013030
019550
019570
006920
